0.0000000000 0.3771956497 0.0055700000
1.0000000000 0.3822056497 0.0055800000
2.0000000000 0.3872156497 0.0055800000
3.0000000000 0.3922256497 0.0055800000
4.0000000000 0.3972256497 0.0055900000
5.0000000000 0.4022356497 0.0055900000
6.0000000000 0.4072456497 0.0055900000
7.0000000000 0.4122556497 0.0056000000
8.0000000000 0.4172656497 0.0056000000
9.0000000000 0.4222756497 0.0056000000
10.0000000000 0.4272856497 0.0056000000
11.0000000000 0.4322956497 0.0056100000
12.0000000000 0.4372956497 0.0056100000
13.0000000000 0.4423056497 0.0056100000
14.0000000000 0.4473156497 0.0056200000
15.0000000000 0.4523256497 0.0056200000
16.0000000000 0.4573356497 0.0056200000
17.0000000000 0.4623456497 0.0056200000
18.0000000000 0.4673556497 0.0056300000
19.0000000000 0.4723556497 0.0056300000
20.0000000000 0.4773656497 0.0056300000
21.0000000000 0.4823756497 0.0056400000
22.0000000000 0.4873856497 0.0056400000
23.0000000000 0.4923956497 0.0056400000
24.0000000000 0.4974056497 0.0056400000
25.0000000000 0.5024156497 0.0056500000
26.0000000000 0.5074256497 0.0056500000
27.0000000000 0.5124256497 0.0056500000
28.0000000000 0.5174356497 0.0056500000
29.0000000000 0.5224456497 0.0056600000
30.0000000000 0.5274556497 0.0056600000
31.0000000000 0.5324656497 0.0056600000
32.0000000000 0.5374756497 0.0056600000
33.0000000000 0.5424856497 0.0056600000
34.0000000000 0.5474856497 0.0056700000
35.0000000000 0.5524956497 0.0056700000
36.0000000000 0.5575056497 0.0056700000
37.0000000000 0.5625156497 0.0056700000
38.0000000000 0.5675256497 0.0056800000
39.0000000000 0.5725356497 0.0056800000
40.0000000000 0.5775456497 0.0056800000
41.0000000000 0.5825556497 0.0056800000
42.0000000000 0.5875556497 0.0056800000
43.0000000000 0.5925656497 0.0056900000
44.0000000000 0.5975756497 0.0056900000
45.0000000000 0.6025856497 0.0056900000
46.0000000000 0.6075956497 0.0056900000
47.0000000000 0.6126056497 0.0056900000
48.0000000000 0.6176156497 0.0057000000
49.0000000000 0.6226156497 0.0057000000
50.0000000000 0.6276256497 0.0057000000
51.0000000000 0.6326356497 0.0057000000
52.0000000000 0.6376456497 0.0057000000
53.0000000000 0.6426556497 0.0057000000
54.0000000000 0.6476656497 0.0057100000
55.0000000000 0.6526756497 0.0057100000
56.0000000000 0.6576856497 0.0057100000
57.0000000000 0.6626856497 0.0057100000
58.0000000000 0.6676956497 0.0057100000
59.0000000000 0.6727056497 0.0057100000
60.0000000000 0.6777156497 0.0057200000
61.0000000000 0.6827256497 0.0057200000
62.0000000000 0.6877356497 0.0057200000
63.0000000000 0.6927456497 0.0057200000
64.0000000000 0.6977456497 0.0057200000
65.0000000000 0.7027556497 0.0057200000
66.0000000000 0.7077656497 0.0057200000
67.0000000000 0.7127756497 0.0057300000
68.0000000000 0.7177856497 0.0057300000
69.0000000000 0.7227956497 0.0057300000
70.0000000000 0.7278056497 0.0057300000
71.0000000000 0.7328156497 0.0057300000
72.0000000000 0.7378156497 0.0057300000
73.0000000000 0.7428256497 0.0057300000
74.0000000000 0.7478356497 0.0057300000
75.0000000000 0.7528456497 0.0057400000
76.0000000000 0.7578556497 0.0057400000
77.0000000000 0.7628656497 0.0057400000
78.0000000000 0.7678756497 0.0057400000
79.0000000000 0.7728756497 0.0057400000
80.0000000000 0.7778856497 0.0057400000
81.0000000000 0.7828956497 0.0057400000
82.0000000000 0.7879056497 0.0057400000
83.0000000000 0.7929156497 0.0057400000
84.0000000000 0.7979256497 0.0057500000
85.0000000000 0.8029356497 0.0057500000
86.0000000000 0.8079456497 0.0057500000
87.0000000000 0.8129456497 0.0057500000
88.0000000000 0.8179556497 0.0057500000
89.0000000000 0.8229656497 0.0057500000
90.0000000000 0.8279756497 0.0057500000
91.0000000000 0.8329856497 0.0057500000
92.0000000000 0.8379956497 0.0057500000
93.0000000000 0.8430056497 0.0057500000
94.0000000000 0.8480056497 0.0057600000
95.0000000000 0.8530156497 0.0057600000
96.0000000000 0.8580256497 0.0057600000
97.0000000000 0.8630356497 0.0057600000
98.0000000000 0.8680456497 0.0057600000
99.0000000000 0.8730556497 0.0057600000
100.0000000000 0.8780656497 0.0057600000
101.0000000000 0.8830756497 0.0057600000
102.0000000000 0.8880756497 0.0057600000
103.0000000000 0.8930856497 0.0057600000
104.0000000000 0.8980956497 0.0057600000
105.0000000000 0.9031056497 0.0057600000
106.0000000000 0.9081156497 0.0057600000
107.0000000000 0.9131256497 0.0057700000
108.0000000000 0.9181356497 0.0057700000
109.0000000000 0.9231456497 0.0057700000
110.0000000000 0.9281456497 0.0057700000
111.0000000000 0.9331556497 0.0057700000
112.0000000000 0.9381656497 0.0057700000
113.0000000000 0.9431756497 0.0057700000
114.0000000000 0.9481856497 0.0057700000
115.0000000000 0.9531956497 0.0057700000
116.0000000000 0.9582056497 0.0057700000
117.0000000000 0.9632056497 0.0057700000
118.0000000000 0.9682156497 0.0057700000
119.0000000000 0.9732256497 0.0057700000
120.0000000000 0.9782356497 0.0057700000
121.0000000000 0.9832456497 0.0057700000
122.0000000000 0.9882556497 0.0057700000
123.0000000000 0.9932656497 0.0057700000
124.0000000000 0.9982756497 0.0057700000
125.0000000000 1.0032756497 0.0057800000
126.0000000000 1.0082856497 0.0057800000
127.0000000000 1.0132956497 0.0057800000
128.0000000000 1.0183056497 0.0057800000
129.0000000000 1.0233156497 0.0057800000
130.0000000000 1.0283256497 0.0057800000
131.0000000000 1.0333356497 0.0057800000
132.0000000000 1.0383356497 0.0057800000
133.0000000000 1.0433456497 0.0057800000
134.0000000000 1.0483556497 0.0057800000
135.0000000000 1.0533656497 0.0057800000
136.0000000000 1.0583756497 0.0057800000
137.0000000000 1.0633856497 0.0057800000
138.0000000000 1.0683956497 0.0057800000
139.0000000000 1.0734056497 0.0057800000
140.0000000000 1.0784056497 0.0057800000
141.0000000000 1.0834156497 0.0057800000
142.0000000000 1.0884256497 0.0057800000
143.0000000000 1.0934356497 0.0057800000
144.0000000000 1.0984456497 0.0057800000
145.0000000000 1.1034556497 0.0057800000
146.0000000000 1.1084656497 0.0057800000
147.0000000000 1.1134656497 0.0057800000
148.0000000000 1.1184756497 0.0057800000
149.0000000000 1.1234856497 0.0057800000
150.0000000000 1.1284956497 0.0057800000
151.0000000000 1.1335056497 0.0057800000
152.0000000000 1.1385156497 0.0057800000
153.0000000000 1.1435256497 0.0057800000
154.0000000000 1.1485356497 0.0057800000
155.0000000000 1.1535356497 0.0057800000
156.0000000000 1.1585456497 0.0057900000
157.0000000000 1.1635556497 0.0057900000
158.0000000000 1.1685656497 0.0057900000
159.0000000000 1.1735756497 0.0057900000
160.0000000000 1.1785856497 0.0057900000
161.0000000000 1.1835956497 0.0057900000
162.0000000000 1.1885956497 0.0057900000
163.0000000000 1.1936056497 0.0057900000
164.0000000000 1.1986156497 0.0057900000
165.0000000000 1.2036256497 0.0057900000
166.0000000000 1.2086356497 0.0057900000
167.0000000000 1.2136456497 0.0057900000
168.0000000000 1.2186556497 0.0057900000
169.0000000000 1.2236656497 0.0057900000
170.0000000000 1.2286656497 0.0057900000
171.0000000000 1.2336756497 0.0057900000
172.0000000000 1.2386856497 0.0057900000
173.0000000000 1.2436956497 0.0057900000
174.0000000000 1.2487056497 0.0057900000
175.0000000000 1.2537156497 0.0057900000
176.0000000000 1.2587256497 0.0057900000
177.0000000000 1.2637256497 0.0057900000
178.0000000000 1.2687356497 0.0057900000
179.0000000000 1.2737456497 0.0057900000
180.0000000000 1.2787556497 0.0057900000
181.0000000000 1.2837656497 0.0057900000
182.0000000000 1.2887756497 0.0057900000
183.0000000000 1.2937856497 0.0057900000
184.0000000000 1.2987956497 0.0057900000
185.0000000000 1.3037956497 0.0057900000
186.0000000000 1.3088056497 0.0057900000
187.0000000000 1.3138156497 0.0057900000
188.0000000000 1.3188256497 0.0057900000
189.0000000000 1.3238356497 0.0057900000
190.0000000000 1.3288456497 0.0057900000
191.0000000000 1.3338556497 0.0057900000
192.0000000000 1.3388556497 0.0057900000
193.0000000000 1.3438656497 0.0057900000
194.0000000000 1.3488756497 0.0057900000
195.0000000000 1.3538856497 0.0057900000
196.0000000000 1.3588956497 0.0057900000
197.0000000000 1.3639056497 0.0057900000
198.0000000000 1.3689156497 0.0057900000
199.0000000000 1.3739256497 0.0057900000
200.0000000000 1.3789256497 0.0057900000
201.0000000000 1.3839356497 0.0057900000
202.0000000000 1.3889456497 0.0057900000
203.0000000000 1.3939556497 0.0057900000
204.0000000000 1.3989656497 0.0057900000
205.0000000000 1.4039756497 0.0057900000
206.0000000000 1.4089856497 0.0057900000
207.0000000000 1.4139856497 0.0057900000
208.0000000000 1.4189956497 0.0057900000
209.0000000000 1.4240056497 0.0057900000
210.0000000000 1.4290156497 0.0057900000
211.0000000000 1.4340256497 0.0057900000
212.0000000000 1.4390356497 0.0057900000
213.0000000000 1.4440456497 0.0057900000
214.0000000000 1.4490556497 0.0057900000
215.0000000000 1.4540556497 0.0058000000
216.0000000000 1.4590656497 0.0058000000
217.0000000000 1.4640756497 0.0058000000
218.0000000000 1.4690856497 0.0058000000
219.0000000000 1.4740956497 0.0058000000
220.0000000000 1.4791056497 0.0058000000
221.0000000000 1.4841156497 0.0058000000
222.0000000000 1.4891156497 0.0058000000
223.0000000000 1.4941256497 0.0058000000
224.0000000000 1.4991356497 0.0058000000
225.0000000000 1.5041456497 0.0058000000
226.0000000000 1.5091556497 0.0058000000
227.0000000000 1.5141656497 0.0058000000
228.0000000000 1.5191756497 0.0058000000
229.0000000000 1.5241856497 0.0058000000
230.0000000000 1.5291856497 0.0058000000
231.0000000000 1.5341956497 0.0058000000
232.0000000000 1.5392056497 0.0058000000
233.0000000000 1.5442156497 0.0058000000
234.0000000000 1.5492256497 0.0058000000
235.0000000000 1.5542356497 0.0058000000
236.0000000000 1.5592456497 0.0058000000
237.0000000000 1.5642456497 0.0058000000
238.0000000000 1.5692556497 0.0058000000
239.0000000000 1.5742656497 0.0058000000
240.0000000000 1.5792756497 0.0058000000
241.0000000000 1.5842856497 0.0058000000
242.0000000000 1.5892956497 0.0058000000
243.0000000000 1.5943056497 0.0058000000
244.0000000000 1.5993156497 0.0058000000
245.0000000000 1.6043156497 0.0058000000
246.0000000000 1.6093256497 0.0058000000
247.0000000000 1.6143356497 0.0058000000
248.0000000000 1.6193456497 0.0058000000
249.0000000000 1.6243556497 0.0058000000
250.0000000000 1.6293656497 0.0058000000
251.0000000000 1.6343756497 0.0058000000
252.0000000000 1.6393756497 0.0058100000
253.0000000000 1.6443856497 0.0058100000
254.0000000000 1.6493956497 0.0058100000
255.0000000000 1.6544056497 0.0058100000
256.0000000000 1.6594156497 0.0058100000
257.0000000000 1.6644256497 0.0058100000
258.0000000000 1.6694356497 0.0058100000
259.0000000000 1.6744456497 0.0058100000
260.0000000000 1.6794456497 0.0058100000
261.0000000000 1.6844556497 0.0058100000
262.0000000000 1.6894656497 0.0058100000
263.0000000000 1.6944756497 0.0058100000
264.0000000000 1.6994856497 0.0058100000
265.0000000000 1.7044956497 0.0058100000
266.0000000000 1.7095056497 0.0058100000
267.0000000000 1.7145056497 0.0058100000
268.0000000000 1.7195156497 0.0058100000
269.0000000000 1.7245256497 0.0058100000
270.0000000000 1.7295356497 0.0058100000
271.0000000000 1.7345456497 0.0058100000
272.0000000000 1.7395556497 0.0058100000
273.0000000000 1.7445656497 0.0058200000
274.0000000000 1.7495756497 0.0058200000
275.0000000000 1.7545756497 0.0058200000
276.0000000000 1.7595856497 0.0058200000
277.0000000000 1.7645956497 0.0058200000
278.0000000000 1.7696056497 0.0058200000
279.0000000000 1.7746156497 0.0058200000
280.0000000000 1.7796256497 0.0058200000
281.0000000000 1.7846356497 0.0058200000
282.0000000000 1.7896356497 0.0058200000
283.0000000000 1.7946456497 0.0058200000
284.0000000000 1.7996556497 0.0058200000
285.0000000000 1.8046656497 0.0058200000
286.0000000000 1.8096756497 0.0058200000
287.0000000000 1.8146856497 0.0058200000
288.0000000000 1.8196956497 0.0058200000
289.0000000000 1.8247056497 0.0058300000
290.0000000000 1.8297056497 0.0058300000
291.0000000000 1.8347156497 0.0058300000
292.0000000000 1.8397256497 0.0058300000
293.0000000000 1.8447356497 0.0058300000
294.0000000000 1.8497456497 0.0058300000
295.0000000000 1.8547556497 0.0058300000
296.0000000000 1.8597656497 0.0058300000
297.0000000000 1.8647756497 0.0058300000
298.0000000000 1.8697756497 0.0058300000
299.0000000000 1.8747856497 0.0058300000
300.0000000000 1.8797956497 0.0058300000
301.0000000000 1.8848056497 0.0058300000
302.0000000000 1.8898156497 0.0058400000
303.0000000000 1.8948256497 0.0058400000
304.0000000000 1.8998356497 0.0058400000
305.0000000000 1.9048356497 0.0058400000
306.0000000000 1.9098456497 0.0058400000
307.0000000000 1.9148556497 0.0058400000
308.0000000000 1.9198656497 0.0058400000
309.0000000000 1.9248756497 0.0058400000
310.0000000000 1.9298856497 0.0058400000
311.0000000000 1.9348956497 0.0058400000
312.0000000000 1.9399056497 0.0058400000
313.0000000000 1.9449056497 0.0058400000
314.0000000000 1.9499156497 0.0058500000
315.0000000000 1.9549256497 0.0058500000
316.0000000000 1.9599356497 0.0058500000
317.0000000000 1.9649456497 0.0058500000
318.0000000000 1.9699556497 0.0058500000
319.0000000000 1.9749656497 0.0058500000
320.0000000000 1.9799656497 0.0058500000
321.0000000000 1.9849756497 0.0058500000
322.0000000000 1.9899856497 0.0058500000
323.0000000000 1.9949956497 0.0058600000
324.0000000000 2.0000056497 0.0058600000
325.0000000000 2.0050156497 0.0058600000
326.0000000000 2.0100256497 0.0058600000
327.0000000000 2.0150356497 0.0058600000
328.0000000000 2.0200356497 0.0058600000
329.0000000000 2.0250456497 0.0058600000
330.0000000000 2.0300556497 0.0058600000
331.0000000000 2.0350656497 0.0058600000
332.0000000000 2.0400756497 0.0058700000
333.0000000000 2.0450856497 0.0058700000
334.0000000000 2.0500956497 0.0058700000
335.0000000000 2.0550956497 0.0058700000
336.0000000000 2.0601056497 0.0058700000
337.0000000000 2.0651156497 0.0058700000
338.0000000000 2.0701256497 0.0058700000
339.0000000000 2.0751356497 0.0058700000
340.0000000000 2.0801456497 0.0058800000
341.0000000000 2.0851556497 0.0058800000
342.0000000000 2.0901656497 0.0058800000
343.0000000000 2.0951656497 0.0058800000
344.0000000000 2.1001756497 0.0058800000
345.0000000000 2.1051856497 0.0058800000
346.0000000000 2.1101956497 0.0058800000
347.0000000000 2.1152056497 0.0058800000
348.0000000000 2.1202156497 0.0058900000
349.0000000000 2.1252256497 0.0058900000
350.0000000000 2.1302256497 0.0058900000
351.0000000000 2.1352356497 0.0058900000
352.0000000000 2.1402456497 0.0058900000
353.0000000000 2.1452556497 0.0058900000
354.0000000000 2.1502656497 0.0058900000
355.0000000000 2.1552756497 0.0059000000
356.0000000000 2.1602856497 0.0059000000
357.0000000000 2.1652956497 0.0059000000
358.0000000000 2.1702956497 0.0059000000
359.0000000000 2.1753056497 0.0059000000
360.0000000000 2.1803156497 0.0059000000
361.0000000000 2.1853256497 0.0059000000
362.0000000000 2.1903356497 0.0059100000
363.0000000000 2.1953456497 0.0059100000
364.0000000000 2.2003556497 0.0059100000
365.0000000000 2.2053556497 0.0059100000
366.0000000000 2.2103656497 0.0059100000
367.0000000000 2.2153756497 0.0059100000
368.0000000000 2.2203856497 0.0059200000
369.0000000000 2.2253956497 0.0059200000
370.0000000000 2.2304056497 0.0059200000
371.0000000000 2.2354156497 0.0059200000
372.0000000000 2.2404256497 0.0059200000
373.0000000000 2.2454256497 0.0059200000
374.0000000000 2.2504356497 0.0059300000
375.0000000000 2.2554456497 0.0059300000
376.0000000000 2.2604556497 0.0059300000
377.0000000000 2.2654656497 0.0059300000
378.0000000000 2.2704756497 0.0059300000
379.0000000000 2.2754856497 0.0059300000
380.0000000000 2.2804856497 0.0059400000
381.0000000000 2.2854956497 0.0059400000
382.0000000000 2.2905056497 0.0059400000
383.0000000000 2.2955156497 0.0059400000
384.0000000000 2.3005256497 0.0059400000
385.0000000000 2.3055356497 0.0059500000
386.0000000000 2.3105456497 0.0059500000
387.0000000000 2.3155556497 0.0059500000
388.0000000000 2.3205556497 0.0059500000
389.0000000000 2.3255656497 0.0059500000
390.0000000000 2.3305756497 0.0059500000
391.0000000000 2.3355856497 0.0059600000
392.0000000000 2.3405956497 0.0059600000
393.0000000000 2.3456056497 0.0059600000
394.0000000000 2.3506156497 0.0059600000
395.0000000000 2.3556156497 0.0059600000
396.0000000000 2.3606256497 0.0059700000
397.0000000000 2.3656356497 0.0059700000
398.0000000000 2.3706456497 0.0059700000
399.0000000000 2.3756556497 0.0059700000
400.0000000000 2.3806656497 0.0059700000
401.0000000000 2.3856756497 0.0059800000
402.0000000000 2.3906856497 0.0059800000
403.0000000000 2.3956856497 0.0059800000
404.0000000000 2.4006956497 0.0059800000
405.0000000000 2.4057056497 0.0059800000
406.0000000000 2.4107156497 0.0059900000
407.0000000000 2.4157256497 0.0059900000
408.0000000000 2.4207356497 0.0059900000
409.0000000000 2.4257456497 0.0059900000
410.0000000000 2.4307456497 0.0059900000
411.0000000000 2.4357556497 0.0060000000
412.0000000000 2.4407656497 0.0060000000
413.0000000000 2.4457756497 0.0060000000
414.0000000000 2.4507856497 0.0060000000
415.0000000000 2.4557956497 0.0060100000
416.0000000000 2.4608056497 0.0060100000
417.0000000000 2.4658156497 0.0060100000
418.0000000000 2.4708156497 0.0060100000
419.0000000000 2.4758256497 0.0060100000
420.0000000000 2.4808356497 0.0060200000
421.0000000000 2.4858456497 0.0060200000
422.0000000000 2.4908556497 0.0060200000
423.0000000000 2.4958656497 0.0060200000
424.0000000000 2.5008756497 0.0060300000
