1	0.3810055	0.008415
2	0.3884092	0.008415
3	0.3958158	0.008415
4	0.4032254	0.008415
5	0.4106379	0.008417
6	0.4180535	0.008418
7	0.4254721	0.008418
8	0.4328927	0.008421
9	0.4403172	0.008422
10	0.4477428	0.008424
11	0.4551703	0.008425
12	0.4625988	0.008426
13	0.4700304	0.008427
14	0.4774629	0.008429
15	0.4848974	0.008431
16	0.4923329	0.008432
17	0.4997714	0.008433
18	0.5072099	0.008435
19	0.5146503	0.008436
20	0.5220908	0.008437
21	0.5295333	0.008439
22	0.5369768	0.00844
23	0.5444212	0.008442
24	0.5518667	0.008443
25	0.5593141	0.008444
26	0.5667616	0.008446
27	0.574209	0.008447
28	0.5816585	0.008449
29	0.5891079	0.00845
30	0.5965583	0.008452
31	0.6040097	0.008453
32	0.6114622	0.008453
33	0.6189146	0.008456
34	0.626368	0.008456
35	0.6338214	0.008459
36	0.6412758	0.00846
37	0.6487302	0.008461
38	0.6561857	0.008463
39	0.6636411	0.008463
40	0.6710975	0.008466
41	0.6785539	0.008467
42	0.6860103	0.008468
43	0.6934677	0.00847
44	0.7009251	0.008471
45	0.7083835	0.008472
46	0.7158409	0.008474
47	0.7232993	0.008475
48	0.7307587	0.008477
49	0.7382171	0.008478
50	0.7456765	0.00848
51	0.7531359	0.008481
52	0.7605963	0.008482
53	0.7680557	0.008484
54	0.7755161	0.008485
55	0.7829775	0.008487
56	0.7904379	0.008488
57	0.7978993	0.008489
58	0.8053617	0.008491
59	0.8128231	0.008491
60	0.8202845	0.008494
61	0.827746	0.008495
62	0.8352074	0.008496
63	0.8426698	0.008498
64	0.8501312	0.008498
65	0.8575937	0.008501
66	0.8650551	0.008501
67	0.8725175	0.008503
68	0.87998	0.008505
69	0.8874414	0.008506
70	0.8949039	0.008508
71	0.9023663	0.008508
72	0.9098288	0.00851
73	0.9172913	0.008512
74	0.9247537	0.008513
75	0.9322162	0.008515
76	0.9396787	0.008516
77	0.9471402	0.008517
78	0.9546027	0.008519
79	0.9620642	0.00852
80	0.9695267	0.008522
81	0.9769882	0.008523
82	0.9844498	0.008524
83	0.9919113	0.008526
84	0.9993728	0.008527
85	1.0068344	0.008529
86	1.0142949	0.00853
87	1.0217565	0.008531
88	1.0292171	0.008533
89	1.0366777	0.008534
90	1.0441383	0.008536
91	1.0515989	0.008536
92	1.0590595	0.008538
93	1.0665201	0.00854
94	1.0739797	0.008541
95	1.0814404	0.008543
96	1.0889	0.008543
97	1.0963597	0.008545
98	1.1038183	0.008547
99	1.111278	0.008548
100	1.1187367	0.00855
101	1.1261964	0.008551
102	1.1336551	0.008552
103	1.1411129	0.008554
104	1.1485716	0.008555
105	1.1560304	0.008557
106	1.1634881	0.008558
107	1.1709459	0.008559
108	1.1784037	0.008561
109	1.1858615	0.008562
110	1.1933183	0.008564
111	1.2007761	0.008565
112	1.208233	0.008566
113	1.2156898	0.008568
114	1.2231467	0.008569
115	1.2306036	0.008571
116	1.2380595	0.008572
117	1.2455154	0.008573
118	1.2529723	0.008575
119	1.2604283	0.008576
120	1.2678832	0.008578
121	1.2753392	0.008579
122	1.2827942	0.00858
123	1.2902502	0.008581
124	1.2977052	0.008583
125	1.3051602	0.008585
126	1.3126143	0.008586
127	1.3200684	0.008587
128	1.3275225	0.008588
129	1.3349756	0.00859
130	1.3424287	0.008592
131	1.3498818	0.008593
132	1.357335	0.008594
133	1.3647872	0.008596
134	1.3722384	0.008597
135	1.3796906	0.008599
136	1.3871418	0.0086
137	1.3945931	0.0086
138	1.4020433	0.008603
139	1.4094936	0.008604
140	1.4169439	0.008606
141	1.4243932	0.008607
142	1.4318426	0.008607
143	1.439292	0.00861
144	1.4467403	0.008611
145	1.4541888	0.008613
146	1.4616372	0.008614
147	1.4690846	0.008615
148	1.4765321	0.008616
149	1.4839796	0.008618
150	1.4914261	0.00862
151	1.4988727	0.008621
152	1.5063192	0.008622
153	1.5137648	0.008624
154	1.5212104	0.008625
155	1.528655	0.008626
156	1.5361007	0.008628
157	1.5435453	0.008629
158	1.550989	0.008631
159	1.5584328	0.008632
160	1.5658765	0.008633
161	1.5733193	0.008635
162	1.5807621	0.008636
163	1.5882049	0.008638
164	1.5956467	0.008639
165	1.6030886	0.008641
166	1.6105295	0.008642
167	1.6179704	0.008642
168	1.6254103	0.008645
169	1.6328513	0.008645
170	1.6402903	0.008648
171	1.6477303	0.008649
172	1.6551693	0.00865
173	1.6626074	0.008652
174	1.6700455	0.008652
175	1.6774836	0.008655
176	1.6849208	0.008656
177	1.692358	0.008657
178	1.6997952	0.008659
179	1.7072314	0.00866
180	1.7146667	0.008661
181	1.722103	0.008663
182	1.7295383	0.008664
183	1.7369726	0.008666
184	1.744407	0.008667
185	1.7518414	0.008669
186	1.7592748	0.00867
187	1.7667083	0.008671
188	1.7741418	0.008673
189	1.7815743	0.008674
190	1.7890069	0.008676
191	1.7964385	0.008677
192	1.8038701	0.008678
193	1.8113007	0.00868
194	1.8187314	0.008681
195	1.8261611	0.008683
196	1.8335908	0.008684
197	1.8410206	0.008685
198	1.8484494	0.008687
199	1.8558772	0.008687
200	1.8633051	0.00869
201	1.870733	0.008691
202	1.8781599	0.008692
203	1.8855869	0.008694
204	1.8930129	0.008695
205	1.9004389	0.008697
206	1.907864	0.008697
207	1.9152891	0.008699
208	1.9227132	0.008701
209	1.9301374	0.008702
210	1.9375606	0.008704
211	1.9449838	0.008705
212	1.9524071	0.008706
213	1.9598294	0.008708
214	1.9672517	0.008709
215	1.9746731	0.008711
216	1.9820945	0.008712
217	1.989515	0.008713
218	1.9969354	0.008715
219	2.004355	0.008716
220	2.0117745	0.008718
221	2.0191931	0.008719
222	2.0266117	0.008721
223	2.0340304	0.008722
224	2.0414471	0.008722
225	2.0488648	0.008725
226	2.0562806	0.008725
227	2.0636964	0.008727
228	2.0711123	0.008729
229	2.0785272	0.00873
230	2.0859421	0.008732
231	2.0933561	0.008732
232	2.1007691	0.008734
233	2.1081821	0.008736
234	2.1155942	0.008737
235	2.1230063	0.008739
236	2.1304175	0.00874
237	2.1378287	0.008741
238	2.145239	0.008743
239	2.1526483	0.008744
240	2.1600576	0.008746
241	2.1674669	0.008747
242	2.1748754	0.008748
243	2.1822828	0.00875
244	2.1896903	0.008751
245	2.1970968	0.008753
246	2.2045034	0.008754
247	2.211909	0.008755
248	2.2193147	0.008757
249	2.2267194	0.008758
250	2.2341231	0.00876
251	2.2415269	0.008761
252	2.2489298	0.008763
253	2.2563326	0.008764
254	2.2637346	0.008765
255	2.2711365	0.008767
256	2.2785375	0.008767
257	2.2859386	0.00877
258	2.2933387	0.00877
259	2.3007378	0.008772
260	2.308136	0.008774
261	2.3155342	0.008775
262	2.3229325	0.008777
263	2.3303298	0.008777
264	2.3377262	0.008779
265	2.3451216	0.008781
266	2.3525171	0.008782
267	2.3599126	0.008783
268	2.3673071	0.008785
269	2.3747007	0.008786
270	2.3820934	0.008788
271	2.3894861	0.008789
272	2.3968778	0.00879
273	2.4042696	0.008792
274	2.4116604	0.008793
275	2.4190513	0.008795
276	2.4264402	0.008796
277	2.4338302	0.008796
278	2.4412182	0.008799
279	2.4486063	0.0088
280	2.4559944	0.008802
281	2.4633816	0.008803
282	2.4707679	0.008803
283	2.4781531	0.008806
284	2.4855385	0.008807
285	2.4929238	0.008809
